theory:
  emutheory.emutheory:
    path: ./cobaya/cobaya/theories/
    stop_at_error: True
    extra_args:
      ttfilename: 'chiTTAstautrf1dot2milnewlhcevansqrtrescalec16'
      ttextraname: 'extrainfo_lhs_tt_96.npy'
      tefilename: 'chiTEAstautrf1dot2milnewlhcevansqrtrescalec16'
      teextraname: 'extrainfo_lhs_te_96.npy'
      eefilename: 'chiEEAstautrf1dot2milnewlhcevansqrtrescalec16'
      eeextraname: 'extrainfo_lhs_ee_96.npy'


stop_at_error: False
debug: False
timing: true

likelihood:
  planck_2018_lowl.TT:
    path: ./external_modules
  planck_2018_lowl.EE:
    path: ./external_modules
  planck_2018_highl_plik.TT_lite:
    path: ./external_modules/
    clik_file: plc_3.0/hi_l/plik_lite/plik_lite_v22_TT.clik

params:
  logA:
    prior:
      min: 1.61
      max: 3.91
    ref:
      dist: norm
      loc: 3.0448
      scale: 0.05
    proposal: 0.05
    latex: \log(10^{10} A_\mathrm{s})
  As:
    value: 'lambda logA: 1e-10*np.exp(logA)'
    latex: A_\mathrm{s}
  ns:
    prior:
      min: 0.92
      max: 1.05
    ref:
      dist: norm
      loc: 0.96605
      scale: 0.005
    proposal: 0.005
    latex: n_\mathrm{s}
  H0:
    prior:
      min: 55
      max: 90
    ref:
      dist: norm
      loc: 67
      scale: 2
    proposal: 0.001
    latex: H_0
  omegabh2:
    prior:
      min: 0.01
      max: 0.04
    ref:
      dist: norm
      loc: 0.022383
      scale: 0.005
    proposal: 0.005
    latex: \Omega_\mathrm{b} h^2
  omegach2:
    prior:
      min: 0.06
      max: 0.2
    ref:
      dist: norm
      loc: 0.12011
      scale: 0.03
    proposal: 0.03
    latex: \Omega_\mathrm{c} h^2
  mnu:
    value: 0.06
  tau:
    prior:
      dist: norm
      loc: 0.0544
      scale: 0.0073
    ref:
      dist: norm
      loc: 0.055
      scale: 0.006
    proposal: 0.003
    latex: \tau_\mathrm{reio}
  w0pwa:
    prior:
      min: -5 
      max: -0.01
    ref:
      dist: norm
      loc: -0.99
      scale: 0.05
    proposal: 0.05
    latex: w_{0,\mathrm{DE}}+w_{a,\mathrm{DE}}
    drop: true
  w:
    prior:
      min: -3
      max: -0.01
    ref:
      dist: norm
      loc: -0.99
      scale: 0.05
    proposal: 0.05
    latex: w_{0,\mathrm{DE}}
  wa:
    value: 'lambda w0pwa, w: w0pwa - w'
    derived: false
    latex: w_{a,\mathrm{DE}}

  omegab:
    derived: 'lambda omegabh2, H0: omegabh2/((H0/100)**2)'
    latex: \Omega_\mathrm{b}
  omegac:
    derived: 'lambda omegach2, H0: omegach2/((H0/100)**2)'
    latex: \Omega_\mathrm{c}
  A:
    derived: 'lambda As: 1e9*As'
    latex: 10^9 A_\mathrm{s}


  
sampler:
  mcmc:
    Rminus1_stop: 0.001
    max_tries: 10000000
    covmat: [[ 7.21654727e-08,  9.08631554e-08,  7.43993333e-05,
         4.77421911e-07,  9.38395344e-07,  3.19419466e-06],
       [ 9.08631554e-08,  2.65598585e-06, -3.16697390e-04,
        -1.77379761e-05,  4.01576130e-06, -1.56324394e-05],
       [ 7.43993333e-05, -3.16697390e-04,  4.43718332e-01,
         2.77709570e-03,  1.41562157e-03,  6.83652223e-03],
       [ 4.77421911e-07, -1.77379761e-05,  2.77709570e-03,
         4.96880187e-03,  7.46234383e-05,  4.91345499e-03],
       [ 9.38395344e-07,  4.01576130e-06,  1.41562157e-03,
         7.46234383e-05,  9.29216874e-05,  2.66542572e-04],
       [ 3.19419466e-06, -1.56324394e-05,  6.83652223e-03,
         4.91345499e-03,  2.66542572e-04,  1.96374853e-02]]
    covmat_params: ['omegabh2','omegach2', 'H0','tau','ns','logA']
    


output: chains/cambtest/axcamb